Output:

Random BST size vs. height (Insertion)
-----------------------------------------
0               0
100             14
200             15
300             16
400             18
500             18
600             18
700             19
800             19
900             20
1000            20
1100            20
1200            21
1300            21
1400            22
1500            22
1600            22
1700            22
1800            22
1900            22
2000            22
2100            23
2200            23
2300            25
2400            25
2500            25
2600            25
2700            25
2800            25
2900            25
3000            25
3100            25
3200            25
3300            25
3400            25
3500            25
3600            25
3700            25
3800            25
3900            25
4000            25
4100            25
4200            25
4300            25
4400            25
4500            25
4600            25
4700            25
4800            25
4900            25
5000            25
5100            25
5200            25
5300            25
5400            25
5500            25
5600            25
5700            25
5800            26
5900            26
6000            26
6100            26
6200            26
6300            26
6400            26
6500            26
6600            26
6700            26
6800            26
6900            27
7000            27
7100            27
7200            27
7300            27
7400            27
7500            28
7600            28
7700            28
7800            28
7900            28
8000            28
8100            28
8200            28
8300            28
8400            28
8500            28
8600            28
8700            28
8800            28
8900            28
9000            28
9100            28
9200            29
9300            29
9400            29
9500            29
9600            29
9700            29
9800            29
9900            29
10000           29
Random BST size vs. height (Deletion)
-----------------------------------------
10000           29
9900            29
9800            28
9700            28
9600            28
9500            28
9400            28
9300            28
9200            28
9100            28
9000            28
8900            28
8800            28
8700            28
8600            28
8500            28
8400            28
8300            28
8200            28
8100            28
8000            28
7900            28
7800            28
7700            28
7600            28
7500            28
7400            28
7300            28
7200            27
7100            27
7000            27
6900            27
6800            27
6700            27
6600            27
6500            26
6400            26
6300            26
6200            26
6100            26
6000            26
5900            26
5800            26
5700            26
5600            26
5500            26
5400            26
5300            26
5200            26
5100            26
5000            26
4900            26
4800            26
4700            26
4600            26
4500            25
4400            25
4300            25
4200            25
4100            25
4000            25
3900            25
3800            24
3700            24
3600            24
3500            24
3400            24
3300            24
3200            24
3100            24
3000            24
2900            24
2800            24
2700            24
2600            24
2500            24
2400            24
2300            24
2200            24
2100            24
2000            24
1900            23
1800            23
1700            23
1600            23
1500            23
1400            23
1300            23
1200            23
1100            23
1000            23
900             22
800             21
700             21
600             21
500             20
400             18
300             16
200             15
100             12
0               0